parameters
speed 350
measure_resolution 12
beats_per_measure 12
samplerate 44100
buffersize 512

instruments
ScaleSynth EvenTemp 1056 #
ScaleSynth PythagChromaticScale 528 #
Drumset #
Drumset #

rhythm
0 12: 0  0  0  0  0  0  0  0  0  0  0  0
0 11: 0  0  0  0  0  0  0  0  0  0  0  0
0  9: 0  0  0  0  0  0  0  1  0  0  0  0
0  7: 0  0  1  0  0  0  0  0  0  0  1  0
0  5: 0  0  0  0  1  0  0  0  0  1  0  0
0  4: 0  0  0  0  0  1  0  0  0  0  0  0
0  2: 0  0  0  0  0  0  0  0  0  0  0  1
0  0: 1  0  0  0  0  0  0  0  0  0  0  0

1 12: 0  0  0  0  0  0  0  0  0  0  0  0
1 11: 0  0  0  0  0  0  0  1  0  1  0  0
1  9: 0  0  0  0  1  0  0  0  0  0  0  1
1  7: 1  0  0  0  0  0  0  1  0  1  0  0
1  5: 0  0  0  0  1  0  0  0  0  0  0  1
1  4: 1  0  0  0  0  0  0  0  0  0  0  0
1  2: 0  0  0  0  0  0  0  1  0  1  0  0
1  0: 1  0  0  0  1  0  0  0  0  0  0  0

2  7: 0  0  0  0  0  0  0  0  0  0  0  0
2  6: 0  0  0  0  0  0  0  0  0  0  0  0
2  5: 0  0  0  0  0  0  0  0  0  0  0  0
2  4: 1  0  1  0  1  1  0  1  0  1  0  1
2  3: 0  0  0  0  0  1  0  0  0  0  1  1
2  2: 1  0  0  0  0  0  0  0  1  0  0  0
2  1: 0  0  0  0  0  0  0  0  0  0  0  0
2  0: 1  0  0  1  0  0  1  0  0  1  0  0
3  0: 1  0  0  0  1  0  0  0  1  0  0  0
