parameters
speed 180
measure_resolution 12
beats_per_measure 12
samplerate 44100
buffersize 512

instruments
ScaleSynth EvenTemp 300 #
ScaleSynth PythagChromaticScale 300 #

rhythm
0 12: 0  0  0  0  0  0  0  0  0  0  0  0
0 11: 0  0  0  0  0  0  0  0  0  0  0  0
0 10: 0  0  0  0  0  0  0  0  0  0  0  0
0  9: 0  0  0  0  0  0  0  0  0  0  0  0
0  8: 0  0  0  0  0  0  0  0  0  0  0  0
0  7: 0  0  0  0  0  0  0  0  0  0  0  0
0  6: 0  0  0  0  0  0  0  0  0  0  0  0
0  5: 0  0  0  0  0  0  0  0  0  0  0  0
0  4: 1  1  1  1  1  0  0  0  0  0  0  0
0  3: 0  0  0  0  0  0  0  1  1  1  1  1
0  2: 0  0  0  0  0  0  0  0  0  0  0  0
0  1: 0  0  0  0  0  0  0  0  0  0  0  0
0  0: 0  0  0  0  0  0  0  0  0  0  0  0

1 12: 0  0  0  0  0  0  0  0  0  0  0  0
1 11: 0  0  0  0  0  0  0  0  0  0  0  0
1 10: 0  0  0  0  0  0  0  0  0  0  0  0
1  9: 0  0  0  0  0  0  0  0  0  0  0  0
1  8: 0  0  0  0  0  0  0  0  0  0  0  0
1  7: 0  0  0  0  0  0  0  0  0  0  0  0
1  6: 0  0  0  0  0  0  0  0  0  0  0  0
1  5: 0  0  0  0  0  0  0  0  0  0  0  0
1  4: 0  0  0  1  1  1  0  0  0  0  0  0
1  3: 0  0  0  0  0  0  1  1  1  0  0  0
1  2: 0  0  0  0  0  0  0  0  0  0  0  0
1  1: 0  0  0  0  0  0  0  0  0  0  0  0
1  0: 1  1  1  1  1  1  1  1  1  1  1  1
