parameters
speed 180
measure_resolution 12
beats_per_measure 12
samplerate 44100
buffersize 512

instruments
ScaleSynth EvenTempered 528 #
ScaleSynth PythagChromaticScale 528 #
Drumset #

rhythm
0 12: 1  1  1  1  1  1  1  1  1  1  1  1
0 11: 1  1  1  1  1  1  1  1  1  1  1  1
0 10: 1  1  1  1  1  1  1  1  1  1  1  1
0  9: 1  1  1  1  1  1  1  1  1  1  1  1
0  8: 1  1  1  1  1  1  1  1  1  1  1  1
0  7: 1  1  1  1  1  1  1  1  1  1  1  1
0  6: 1  1  1  1  1  1  1  1  1  1  1  1
0  5: 1  1  1  1  1  1  1  1  1  1  1  1
0  4: 1  1  1  1  1  1  1  1  1  1  1  1
0  3: 1  1  1  1  1  1  1  1  1  1  1  1
0  2: 1  1  1  1  1  1  1  1  1  1  1  1
0  1: 1  1  1  1  1  1  1  1  1  1  1  1
0  0: 1  1  1  1  1  1  1  1  1  1  1  1

1 12: 1  1  1  1  1  1  1  1  1  1  1  1
1 11: 1  1  1  1  1  1  1  1  1  1  1  1
1 10: 1  1  1  1  1  1  1  1  1  1  1  1
1  9: 1  1  1  1  1  1  1  1  1  1  1  1
1  8: 1  1  1  1  1  1  1  1  1  1  1  1
1  7: 1  1  1  1  1  1  1  1  1  1  1  1
1  6: 1  1  1  1  1  1  1  1  1  1  1  1
1  5: 1  1  1  1  1  1  1  1  1  1  1  1
1  4: 1  1  1  1  1  1  1  1  1  1  1  1
1  3: 1  1  1  1  1  1  1  1  1  1  1  1
1  2: 1  1  1  1  1  1  1  1  1  1  1  1
1  1: 1  1  1  1  1  1  1  1  1  1  1  1
1  0: 1  1  1  1  1  1  1  1  1  1  1  1

2  7: 1  1  1  1  1  1  1  1  1  1  1  1
2  6: 1  1  1  1  1  1  1  1  1  1  1  1
2  5: 1  1  1  1  1  1  1  1  1  1  1  1
2  4: 1  1  1  1  1  1  1  1  1  1  1  1
2  3: 1  1  1  1  1  1  1  1  1  1  1  1
2  2: 1  1  1  1  1  1  1  1  1  1  1  1
2  1: 1  1  1  1  1  1  1  1  1  1  1  1
2  0: 1  1  1  1  1  1  1  1  1  1  1  1
