parameters
speed 100
measure_resolution 24
beats_per_measure 4
samplerate 44100
buffersize 128

instruments
ScaleSynth Pyth 528 12
ScaleSynth Pyth 528 11
ScaleSynth Pyth 528 10
ScaleSynth Pyth 528 9
ScaleSynth Pyth 528 8
ScaleSynth Pyth 528 7
ScaleSynth Pyth 528 6
ScaleSynth Pyth 528 5
ScaleSynth Pyth 528 4
ScaleSynth Pyth 528 3
ScaleSynth Pyth 528 2
ScaleSynth Pyth 528 1

rhythm
0 0 0 0 0 0 0 0 0 0 0 0 0 0 0 0 0 0 0 0 0 0 0 1
0 0 0 0 0 0 0 0 0 0 0 0 0 0 0 0 0 0 0 0 0 0 1 0
0 0 0 0 0 0 0 0 0 0 0 0 0 0 0 1 0 0 0 0 0 1 0 0
0 0 0 0 0 0 0 0 0 0 0 0 0 0 1 0 0 0 0 0 1 0 0 0
0 0 0 0 0 0 0 1 0 0 0 0 0 1 0 1 0 0 0 1 0 0 0 1
0 0 0 0 0 0 1 0 0 0 0 0 1 0 1 0 0 0 1 0 0 0 1 0
0 0 0 0 0 1 0 0 0 0 0 1 0 1 0 0 0 1 0 0 0 1 0 0
0 0 0 0 1 0 0 0 0 0 1 0 1 0 0 0 1 0 0 0 1 0 0 0
0 0 0 1 0 0 0 0 0 1 0 1 0 0 0 0 0 0 0 1 0 0 0 0
0 0 1 0 0 0 0 0 1 0 1 0 0 0 0 0 0 0 1 0 0 0 0 0
0 1 0 0 0 0 0 0 0 1 0 0 0 0 0 0 0 1 0 0 0 0 0 0
1 0 0 0 0 0 0 0 1 0 0 0 0 0 0 0 1 0 0 0 0 0 0 0

gains
0.5 0.1 0.1 0.1 0.3 0.1 0.1 0.1 0.3 0.1 0.1 0.1 0.3 0.1 0.1 0.1
0.5 0.1 0.1 0.1 0.3 0.1 0.1 0.1 0.3 0.1 0.1 0.1 0.3 0.1 0.1 0.1
0.5 0.1 0.1 0.1 0.3 0.1 0.1 0.1 0.3 0.1 0.1 0.1 0.3 0.1 0.1 0.1
0.5 0.1 0.1 0.1 0.3 0.1 0.1 0.1 0.3 0.1 0.1 0.1 0.3 0.1 0.1 0.1
0.5 0.1 0.1 0.1 0.3 0.1 0.1 0.1 0.3 0.1 0.1 0.1 0.3 0.1 0.1 0.1
0.5 0.1 0.1 0.1 0.3 0.1 0.1 0.1 0.3 0.1 0.1 0.1 0.3 0.1 0.1 0.1

